! ***********************************************************************************************************************
! ***********************************************************************************************************************
! ***** DEFINITION OF TRIAL MODEL PARAMETER VALUES **********************************************************************
! ***********************************************************************************************************************
! ***********************************************************************************************************************
! Note: Lines starting with ! are treated as comment lines -- there is no limit on the number of comment lines.
!
! Variable names are important: They must match the variables in the code, and they must occur before the data.
!  NOTE: must include information for all HRUs
! ***********************************************************************************************************************
hruIndex winterSAI summerLAI theta_res theta_sat     fieldCapacity   critSoilWilting critSoilTranspire vGn_alpha     vGn_n          k_soil     k_macropore zScale_TOPMODEL
    1001     0.000     0.000     0.100     0.375             0.125             0.105             0.300    -0.500     1.500  0.000083333303  0.000083333303           1.000
    1002     0.000     0.000     0.100     0.375             0.125             0.105             0.300    -0.500     1.500  0.000083333303  0.000083333303           1.000
    1003     0.000     0.000     0.100     0.375             0.125             0.105             0.300    -0.500     1.500  0.000083333303  0.000083333303           1.000
    1004     0.000     0.000     0.100     0.375             0.125             0.105             0.300    -0.500     1.500  0.000083333303  0.000083333303           1.000
    1005     0.000     0.000     0.100     0.375             0.125             0.105             0.300    -0.500     1.500  0.000083333303  0.000083333303           1.000
    1006     0.000     0.000     0.100     0.375             0.125             0.105             0.300    -0.500     1.500  0.000083333303  0.000083333303           1.000
    1007     0.000     0.000     0.100     0.375             0.125             0.105             0.300    -0.500     1.500  0.000083333303  0.000083333303           1.000
    1008     0.000     0.000     0.100     0.375             0.125             0.105             0.300    -0.500     1.500  0.000083333303  0.000083333303           1.000
    1009     0.000     0.000     0.100     0.375             0.125             0.105             0.300    -0.500     1.500  0.000083333303  0.000083333303           1.000
    1010     0.000     0.000     0.100     0.375             0.125             0.105             0.300    -0.500     1.500  0.000083333303  0.000083333303           1.000
    1011     0.000     0.000     0.100     0.375             0.125             0.105             0.300    -0.500     1.500  0.000083333303  0.000083333303           1.000
    1012     0.000     0.000     0.100     0.375             0.125             0.105             0.300    -0.500     1.500  0.000083333303  0.000083333303           1.000
    1013     0.000     0.000     0.100     0.375             0.125             0.105             0.300    -0.500     1.500  0.000083333303  0.000083333303           1.000
    1014     0.000     0.000     0.100     0.375             0.125             0.105             0.300    -0.500     1.500  0.000083333303  0.000083333303           1.000
    1015     0.000     0.000     0.100     0.375             0.125             0.105             0.300    -0.500     1.500  0.000083333303  0.000083333303           1.000
    1016     0.000     0.000     0.100     0.375             0.125             0.105             0.300    -0.500     1.500  0.000083333303  0.000083333303           1.000
    1017     0.000     0.000     0.100     0.375             0.125             0.105             0.300    -0.500     1.500  0.000083333303  0.000083333303           1.000
    1018     0.000     0.000     0.100     0.375             0.125             0.105             0.300    -0.500     1.500  0.000083333303  0.000083333303           1.000
    1019     0.000     0.000     0.100     0.375             0.125             0.105             0.300    -0.500     1.500  0.000083333303  0.000083333303           1.000
    1020     0.000     0.000     0.100     0.375             0.125             0.105             0.300    -0.500     1.500  0.000083333303  0.000083333303           1.000
    1021     0.000     0.000     0.100     0.375             0.125             0.105             0.300    -0.500     1.500  0.000083333303  0.000083333303           1.000
    1022     0.000     0.000     0.100     0.375             0.125             0.105             0.300    -0.500     1.500  0.000083333303  0.000083333303           1.000
    1023     0.000     0.000     0.100     0.375             0.125             0.105             0.300    -0.500     1.500  0.000083333303  0.000083333303           1.000
    1024     0.000     0.000     0.100     0.375             0.125             0.105             0.300    -0.500     1.500  0.000083333303  0.000083333303           1.000
    1025     0.000     0.000     0.100     0.375             0.125             0.105             0.300    -0.500     1.500  0.000083333303  0.000083333303           1.000
    1026     0.000     0.000     0.100     0.375             0.125             0.105             0.300    -0.500     1.500  0.000083333303  0.000083333303           1.000
    1027     0.000     0.000     0.100     0.375             0.125             0.105             0.300    -0.500     1.500  0.000083333303  0.000083333303           1.000
    1028     0.000     0.000     0.100     0.375             0.125             0.105             0.300    -0.500     1.500  0.000083333303  0.000083333303           1.000
    1029     0.000     0.000     0.100     0.375             0.125             0.105             0.300    -0.500     1.500  0.000083333303  0.000083333303           1.000
    1030     0.000     0.000     0.100     0.375             0.125             0.105             0.300    -0.500     1.500  0.000083333303  0.000083333303           1.000
    1031     0.000     0.000     0.100     0.375             0.125             0.105             0.300    -0.500     1.500  0.000083333303  0.000083333303           1.000
    1032     0.000     0.000     0.100     0.375             0.125             0.105             0.300    -0.500     1.500  0.000083333303  0.000083333303           1.000
    1033     0.000     0.000     0.100     0.375             0.125             0.105             0.300    -0.500     1.500  0.000083333303  0.000083333303           1.000
    1034     0.000     0.000     0.100     0.375             0.125             0.105             0.300    -0.500     1.500  0.000083333303  0.000083333303           1.000
    1035     0.000     0.000     0.100     0.375             0.125             0.105             0.300    -0.500     1.500  0.000083333303  0.000083333303           1.000
    1036     0.000     0.000     0.100     0.375             0.125             0.105             0.300    -0.500     1.500  0.000083333303  0.000083333303           1.000
    1037     0.000     0.000     0.100     0.375             0.125             0.105             0.300    -0.500     1.500  0.000083333303  0.000083333303           1.000
    1038     0.000     0.000     0.100     0.375             0.125             0.105             0.300    -0.500     1.500  0.000083333303  0.000083333303           1.000
    1039     0.000     0.000     0.100     0.375             0.125             0.105             0.300    -0.500     1.500  0.000083333303  0.000083333303           1.000
    1040     0.000     0.000     0.100     0.375             0.125             0.105             0.300    -0.500     1.500  0.000083333303  0.000083333303           1.000
    1041     0.000     0.000     0.100     0.375             0.125             0.105             0.300    -0.500     1.500  0.000083333303  0.000083333303           1.000
    1042     0.000     0.000     0.100     0.375             0.125             0.105             0.300    -0.500     1.500  0.000083333303  0.000083333303           1.000
    1043     0.000     0.000     0.100     0.375             0.125             0.105             0.300    -0.500     1.500  0.000083333303  0.000083333303           1.000
    1044     0.000     0.000     0.100     0.375             0.125             0.105             0.300    -0.500     1.500  0.000083333303  0.000083333303           1.000
    1045     0.000     0.000     0.100     0.375             0.125             0.105             0.300    -0.500     1.500  0.000083333303  0.000083333303           1.000
    1046     0.000     0.000     0.100     0.375             0.125             0.105             0.300    -0.500     1.500  0.000083333303  0.000083333303           1.000
    1047     0.000     0.000     0.100     0.375             0.125             0.105             0.300    -0.500     1.500  0.000083333303  0.000083333303           1.000
    1048     0.000     0.000     0.100     0.375             0.125             0.105             0.300    -0.500     1.500  0.000083333303  0.000083333303           1.000
    1049     0.000     0.000     0.100     0.375             0.125             0.105             0.300    -0.500     1.500  0.000083333303  0.000083333303           1.000
    1050     0.000     0.000     0.100     0.375             0.125             0.105             0.300    -0.500     1.500  0.000083333303  0.000083333303           1.000
! ***********************************************************************************************************************
! ***********************************************************************************************************************
