Vegetation Parameters
plumberSUMMA
20,1, 'SHDFAC NROOT   RS      RGL      HS      SNUP  MAXALB   LAIMIN  LAIMAX  EMISSMIN EMISSMAX ALBEDOMIN ALBEDOMAX  Z0MIN    Z0MAX  '
1,      .80,   3,     40.,   100.,   36.35,   0.04,    70.,    0.52,   2.90,   .920,    .960,     .19,      .23,      .10,     .12,          'Amplero'
2,      .70,   4,    125.,    30.,   47.35,   0.08,    52.,    5.00,   6.40,   .950,    .950,     .12,      .12,      .50,     .50,          'Blodgett'
3,      .80,   3,     40.,   100.,   36.35,   0.04,    70.,    0.52,   2.90,   .920,    .960,     .19,      .23,      .10,     .12,          'Bugac'
4,      .70,   4,    125.,    30.,   47.35,   0.08,    52.,    5.00,   6.40,   .950,    .950,     .12,      .12,      .50,     .50,          'ElSaler'
5,      .80,   3,     40.,   100.,   36.25,   0.04,    66.,    1.56,   5.68,   .930,    .985,     .20,      .25,      .02,     .10,          'ElSaler2'
6,      .95,   4,    150.,    30.,   41.69,   0.08,    35.,    3.08,   6.48,   .950,    .950,     .12,      .12,      .50,     .50,          'Espirra'
7,      .80,   3,     40.,   100.,   36.35,   0.04,    70.,    0.52,   2.90,   .920,    .960,     .19,      .23,      .10,     .12,          'FortPeck'
8,      .80,   4,    100.,    30.,   54.53,   0.08,    58.,    1.85,   3.31,   .930,    .930,     .16,      .17,      .50,     .50,          'Harvard'
9,      .80,   4,    100.,    30.,   54.53,   0.08,    58.,    1.85,   3.31,   .930,    .930,     .16,      .17,      .50,     .50,          'Hesse'
10,     .80,   3,     70.,    65.,   44.14,   0.04,    60.,    2.00,   4.00,   .930,    .985,     .16,      .20,      .20,     .20,          'Howard'
11,     .70,   4,    125.,    30.,   47.35,   0.08,    52.,    5.00,   6.40,   .950,    .950,     .12,      .12,      .50,     .50,          'Howlandm'
12,     .70,   4,    125.,    30.,   47.35,   0.08,    52.,    5.00,   6.40,   .950,    .950,     .12,      .12,      .50,     .50,          'Hyytiala'
13,     .50,   3,     70.,    65.,   54.53,   0.04,    50.,    0.50,   3.66,   .920,    .920,     .20,      .20,      .15,     .15,          'Kruger'
14,     .70,   4,    125.,    30.,   47.35,   0.08,    52.,    5.00,   6.40,   .950,    .950,     .12,      .12,      .50,     .50,          'Loobos'
15,     .60,   2,     40.,   100.,   60.00,   0.01,    68.,    1.50,   5.65,   .950,    .950,     .14,      .14,      .20,     .20,          'Merbleue'
16,     .80,   3,     70.,    65.,   44.14,   0.04,    60.,    2.00,   4.00,   .930,    .985,     .16,      .20,      .20,     .20,          'Mopane'
17,     .95,   4,    150.,    30.,   41.69,   0.08,    35.,    3.08,   6.48,   .950,    .950,     .12,      .12,      .50,     .50,          'Palang'
18,     .80,   4,    125.,    30.,   51.93,   0.08,    53.,    2.80,   5.50,   .930,    .970,     .17,      .25,      .20,     .50,          'Sylvania'
19,     .95,   4,    150.,    30.,   41.69,   0.08,    35.,    3.08,   6.48,   .950,    .950,     .12,      .12,      .50,     .50,          'Tumba'
20,     .80,   4,    100.,    30.,   54.53,   0.08,    58.,    1.85,   3.31,   .930,    .930,     .16,      .17,      .50,     .50,          'UniMich'
TOPT_DATA
298.0
CMCMAX_DATA
0.5E-3
CFACTR_DATA
0.5
RSMAX_DATA
5000.0
BARE
19
NATURAL
5
